1.345848109208596497e+03 4.000000000000000000e+02 4.000000000000000000e+02 -1.517951836218693965e-02
1.548040669529796105e+03 4.000000000000000000e+02 4.000000000000000000e+02 -1.077370540374767982e-01
1.477113376240328080e+03 4.000000000000000000e+02 4.000000000000000000e+02 -2.916451583851064622e-01
1.336861562522122085e+03 4.000000000000000000e+02 4.000000000000000000e+02 1.240822604439119625e-01
1.365492082250929798e+03 4.000000000000000000e+02 4.000000000000000000e+02 5.659475372735429943e-03
1.477982687889640374e+03 4.000000000000000000e+02 4.000000000000000000e+02 -6.201973683260240955e-02
1.730092627708836289e+03 4.000000000000000000e+02 4.000000000000000000e+02 -1.333767172590234473e-01
1.435807749451983454e+03 4.000000000000000000e+02 4.000000000000000000e+02 -6.571114302783406802e-02
1.463023811089796027e+03 4.000000000000000000e+02 4.000000000000000000e+02 -6.361283214675440834e-02
1.480234045109076078e+03 4.000000000000000000e+02 4.000000000000000000e+02 -7.457441236935048734e-02
1.539183848460628951e+03 4.000000000000000000e+02 4.000000000000000000e+02 -7.183694081728345116e-02
1.380905756606136038e+03 4.000000000000000000e+02 4.000000000000000000e+02 -2.469621878812905337e-04
1.484789977031477520e+03 4.000000000000000000e+02 4.000000000000000000e+02 -3.404281545132731845e-01
1.388048734351081521e+03 4.000000000000000000e+02 4.000000000000000000e+02 -3.138680035721411188e-01
1.330010613402698255e+03 4.000000000000000000e+02 4.000000000000000000e+02 -1.900460270187288164e-02
1.340139263645677829e+03 4.000000000000000000e+02 4.000000000000000000e+02 -9.648215105968905442e-03
1.401764518366230277e+03 4.000000000000000000e+02 4.000000000000000000e+02 -2.535838897691606100e-02
1.428897768634104295e+03 4.000000000000000000e+02 4.000000000000000000e+02 -5.414053613684934041e-02
1.466022341861915038e+03 4.000000000000000000e+02 4.000000000000000000e+02 -5.459476207990281160e-02
1.496343892186680250e+03 4.000000000000000000e+02 4.000000000000000000e+02 -6.920216326578298993e-02
