3920.4773079312913 3629.6661037352183 800.0 800.0
3920.4773079312913 3629.6661037352183 800.0 800.0
3920.4773079312913 3629.6661037352183 800.0 800.0
3920.4773079312913 3629.6661037352183 800.0 800.0
3920.4773079312913 3629.6661037352183 800.0 800.0
3920.4773079312913 3629.6661037352183 800.0 800.0
3920.4773079312913 3629.6661037352183 800.0 800.0
3920.4773079312913 3629.6661037352183 800.0 800.0
3920.4773079312913 3629.6661037352183 800.0 800.0
3920.4773079312913 3629.6661037352183 800.0 800.0
3920.4773079312913 3629.6661037352183 800.0 800.0
3920.4773079312913 3629.6661037352183 800.0 800.0
3920.4773079312913 3629.6661037352183 800.0 800.0
3920.4773079312913 3629.6661037352183 800.0 800.0
3920.4773079312913 3629.6661037352183 800.0 800.0
3920.4773079312913 3629.6661037352183 800.0 800.0
3920.4773079312913 3629.6661037352183 800.0 800.0
3920.4773079312913 3629.6661037352183 800.0 800.0
3920.4773079312913 3629.6661037352183 800.0 800.0
3920.4773079312913 3629.6661037352183 800.0 800.0
3920.4773079312913 3629.6661037352183 800.0 800.0
3920.4773079312913 3629.6661037352183 800.0 800.0
3920.4773079312913 3629.6661037352183 800.0 800.0
3920.4773079312913 3629.6661037352183 800.0 800.0
3920.4773079312913 3629.6661037352183 800.0 800.0
3920.4773079312913 3629.6661037352183 800.0 800.0
3920.4773079312913 3629.6661037352183 800.0 800.0
3920.4773079312913 3629.6661037352183 800.0 800.0
3920.4773079312913 3629.6661037352183 800.0 800.0
3920.4773079312913 3629.6661037352183 800.0 800.0
